93,35
0,768
16,1
16,6
13,1
16,2
10,5
16,5
10,1
8,7
8,6
8,5
8,2
8,1
5,6
5,2
5,1
0,813
5,5
0,770
0,665
0,664
0,663
6,6
0,662
6,2
6,1
0,661
6,5
0,660
0,659
0,658
0,657
0,656
0,655
0,654
0,653
0,652
0,651
0,650
0,649
0,648
0,647
0,646
0,645
0,644
0,643
0,642
0,641
0,640
0,639
0,638
0,637
0,636
0,635
0,634
0,633
0,632
0,631
0,630
0,629
0,628
0,627
0,626
0,625
0,624
2,2
2,1
0,623
2,5
0,622
0,621
0,620
0,619
0,618
0,617
0,616
0,615
0,614
0,613
0,612
0,611
0,610
0,609
0,608
0,607
0,606
0,605
0,604
0,603
0,602
0,601
0,600
0,599
0,598
0,511
0,364
0,340
0,308
0,305
0,10
0,311
0,310
0,0
0,307
0,306
0,13
0,339
0,11
0,9
93,34
93,33
93,32
93,31
93,30
93,29
93,28
93,27
93,26
93,25
93,24
93,23
93,22
93,21
93,20
93,19
93,18
93,17
93,16
93,15
93,14
93,13
93,12
93,11
93,10
93,9
93,8
93,7
93,6
93,5
93,4
93,3
93,2
93,0
0,484
0,469
0,303
0,483
0,468
0,302
0,467
0,301
0,466
0,300
0,482
0,465
0,299
0,481
0,464
0,298
0,480
0,463
0,297
0,462
0,296
0,461
0,295
0,479
0,460
0,294
0,478
0,459
0,293
0,477
0,458
0,292
0,457
0,291
0,456
0,290
0,453
0,455
0,289
0,812
0,493
0,288
0,811
0,452
0,287
0,476
0,451
0,286
0,454
0,450
0,285
0,810
0,449
0,284
0,447
0,283
0,448
0,446
0,282
